3vd9: HETATM63529 NA    NA    13     -45.112   2.382 -11.563  1.00 39.73          NA
6exi: HETATM 8814 NA    NA     2     -17.392  55.415  44.814  1.00 22.16          NA
4e7r: HETATM 4391 NA    NA     1      24.010   2.060  37.782  1.00 37.02          NA
6fyz: HETATM 3144 NA    NA     3     -28.641   7.712   6.876  1.00 19.10          NA
3t08: HETATM63515 NA    NA     3     -11.371 -31.148 -30.764  1.00 33.86          NA
4iie: HETATM24955 NA    NA     1      64.459  -8.603   7.593  1.00 29.92          NA
5mxf: HETATM 6532 NA    NA     8     -11.772  29.919  25.346  1.00 22.72          NA
3t0d: HETATM63539 NA    NA    11     -19.937   1.577 -17.001  1.00 15.10          NA
3vf5: HETATM 3124 NA    NA     2     -21.817 -34.808  34.949  1.00 27.74          NA
3vdb: HETATM63531 NA    NA    15      16.914  26.089  23.226  1.00 19.78          NA
3t09: HETATM63524 NA    NA    12      88.212 -13.406  69.755  1.00 15.14          NA
4ciw: HETATM15596 NA    NA    32       9.898 -35.810   4.355  1.00 45.39          NA
3qto: HETATM 4461 NA    NA     2       5.679 -13.379  30.364  1.00 15.20          NA
3po1: HETATM 4456 NA    NA     1       5.575 -12.889  30.180  1.00 28.08          NA
4kwg: HETATM18491 NA    NA     3      42.049  12.467  50.747  1.00 58.80          NA
3t2q: HETATM63524 NA    NA     4      -0.752  -6.573 -26.928  1.00 31.46          NA
3qtv: HETATM 4473 NA    NA     1      18.419 -15.257  37.943  1.00 13.27          NA
3qto: HETATM 4460 NA    NA     1      18.362 -15.787  38.000  1.00 11.66          NA
6epz: HETATM 6439 NA    NA     4     129.444   1.125  47.582  1.00 51.30          NA
3vd9: HETATM63519 NA    NA     3     -11.414 -31.317 -30.664  1.00 23.10          NA
4u8w: HETATM 1841 NA    NA     1       5.159   3.149   1.345  1.00 24.20          NA
3t2q: HETATM63535 NA    NA    15      45.145   1.291   6.853  1.00 58.43          NA
2yfa: HETATM 7330 NA    NA     1     -21.252   2.122  13.267  1.00 47.47          NA
6eqv: HETATM 4422 NA    NA     4      36.925 -36.639   4.864  1.00 15.51          NA
6e7j: HETATM 1841 NA    NA     1      24.755  39.909   1.355  1.00 24.36          NA
5jg1: HETATM 1843 NA    NA     3      18.722   6.446  35.510  1.00 27.30          NA
4del: HETATM20493 NA    NA     1       8.092  38.411  16.028  1.00 15.63          NA
3wtn: HETATM 4062 NA    NA    16      -7.855   4.176  11.369  0.97 52.37          NA
4ayq: HETATM 6769 NA    NA     3       3.081 -21.250 -11.978  1.00  3.02          NA
4ciw: HETATM15569 NA    NA     5      -9.898  35.810   4.355  1.00 45.39          NA
3t09: HETATM63525 NA    NA    13      79.236 -17.778  44.216  1.00 17.20          NA
5oss: HETATM 8564 NA    NA     1      -8.062 -57.035   9.130  1.00 31.32          NA
6dif: HETATM 1841 NA    NA     1       5.123   3.180  47.315  1.00 17.90          NA
5jfp: HETATM 1841 NA    NA     1      24.222  39.921   1.111  1.00 20.08          NA
4kwg: HETATM18490 NA    NA     2     -42.766  15.746  62.236  1.00 44.29          NA
5d3t: HETATM 1293 NA    NA     1      22.194   1.083   5.286  1.00 49.72          NA
3t0d: HETATM63545 NA    NA    17      19.825   1.462  12.154  1.00 16.65          NA
3vd4: HETATM63511 NA    NA     3     -11.376 -31.279 -30.731  1.00 26.29          NA
3vd4: HETATM63526 NA    NA    18      45.010   1.315   6.752  1.00 32.00          NA
5dnu: HETATM 2512 NA    NA     2       0.878 -35.639  14.395  1.00 43.19          NA
6dj7: HETATM 1839 NA    NA     1       5.017   3.085   1.304  1.00 31.81          NA
4en4: HETATM 9789 NA    NA     5       7.264  26.445  19.662  1.00 35.91          NA
6fba: HETATM 6353 NA    NA     1      77.115  48.515-131.555  1.00 39.32          NA
5l4m: HETATM 4299 NA    NA     1       1.175  17.801 -27.360  1.00 48.55          NA
4mme: HETATM 8102 NA    NA     2     108.621  23.315  40.739  1.00 36.76          NA
3vh9: HETATM 4291 NA    NA    11      36.853 -46.120  -3.523  1.00 22.82          NA
5ehv: HETATM 2497 NA    NA     2      12.766 -19.399  26.371  0.92 36.98          NA
5org: HETATM 4585 NA    NA     4     -16.802 -28.665  32.118  1.00 50.00          NA
4bah: HETATM 4530 NA    NA     2       5.698 -13.029  30.352  1.00 20.08          NA
4f6u: HETATM 6049 NA    NA     1     -34.147  36.640 111.970  1.00 58.27          NA
3vd9: HETATM63533 NA    NA    17      17.191  26.508  22.674  1.00 15.35          NA
4ciw: HETATM15595 NA    NA    31       7.957 -37.677 -20.199  1.00 45.18          NA
3vd4: HETATM63529 NA    NA    21      10.749 -31.145  26.278  1.00 24.85          NA
5org: HETATM 4589 NA    NA     8      -5.990 -27.369 -13.945  1.00 46.24          NA
4kwf: HETATM18490 NA    NA     2     -42.018  14.439  63.310  1.00 93.85          NA
3vdb: HETATM63538 NA    NA    22      19.983 -32.699  41.337  1.00 31.91          NA
3t09: HETATM63531 NA    NA    19     102.429  19.484  21.905  1.00 17.55          NA
5n84: HETATM 2554 NA    NA     2      15.517  27.934  36.695  1.00 58.76          NA
5vb7: HETATM 2545 NA    NA     1       2.419  32.316  22.662  1.00 42.61          NA
3vdb: HETATM63536 NA    NA    20      10.737 -31.018  26.239  1.00 21.49          NA
3sha: HETATM 4473 NA    NA     1     -18.581 -14.904 -37.892  1.00 12.50          NA
6dj5: HETATM 1839 NA    NA     1      23.977  39.902   1.111  1.00 27.60          NA
4zb6: HETATM 4350 NA    NA     2      18.450  13.258  29.569  1.00  8.68          NA
3t08: HETATM63521 NA    NA     9     -16.420  26.430 -28.135  1.00 28.68          NA
3qx5: HETATM 4479 NA    NA     2       5.867 -12.968  30.238  1.00 13.34          NA
4dfg: HETATM 3130 NA    NA     2       7.479   8.214  35.138  0.50 24.91          NA
3vd4: HETATM63525 NA    NA    17      23.852  28.150  39.100  1.00 35.55          NA
5org: HETATM 4584 NA    NA     3     -12.935 -24.448  24.753  1.00 43.54          NA
4eoh: HETATM 9658 NA    NA     2       7.575  28.961  21.663  1.00 89.20          NA
3t0b: HETATM63521 NA    NA     9     -20.029   1.664 -16.904  1.00 16.08          NA
4ncn: HETATM 3294 NA    NA     2     -12.356  13.818  10.107  1.00 21.78          NA
4bao: HETATM 4470 NA    NA     2       5.836 -12.985  30.315  1.00 34.41          NA
4kwg: HETATM18489 NA    NA     1       4.329 -39.939  62.256  1.00 39.04          NA
6eqw: HETATM 4424 NA    NA     6      26.985 -46.739  25.899  0.50 33.30          NA
1b57: HETATM10319 NA    NA     5      18.796  33.125 109.866  1.00 22.76          NA
6eqx: HETATM 4422 NA    NA     4      36.900 -36.654   4.976  1.00 14.95          NA
4ymq: HETATM 2533 NA    NA     1       2.641  31.918  22.852  1.00 53.99          NA
3vd9: HETATM63522 NA    NA     6     -22.187 -38.900 -30.445  0.50 30.08          NA
4hdp: HETATM 3127 NA    NA     1      -4.991   3.152  -1.290  1.00 18.14          NA
5n84: HETATM 2557 NA    NA     5      25.072  27.458  54.110  1.00 79.52          NA
3t0d: HETATM63552 NA    NA    24      20.661 -32.656  40.991  1.00 34.87          NA
4cd4: HETATM 3552 NA    NA     1      27.312  35.030  -2.743  1.00 10.92          NA
3p17: HETATM 4456 NA    NA     1      18.426 -15.036  37.999  1.00 13.45          NA
4baq: HETATM 4470 NA    NA     2       5.905 -13.012  30.358  1.00 36.83          NA
3vdb: HETATM63528 NA    NA    12     -44.576   2.110 -11.914  1.00 31.12          NA
3vf7: HETATM 3124 NA    NA     2       4.936   3.085   1.214  1.00 24.62          NA
4bah: HETATM 4529 NA    NA     1      18.326 -15.472  38.135  1.00 15.13          NA
3qwc: HETATM 4478 NA    NA     1      18.304 -14.953  38.073  1.00 15.16          NA
5en3: HETATM 4299 NA    NA     1     -22.160  17.706  27.502  1.00 85.16          NA
3t08: HETATM63527 NA    NA    15      19.638   1.202  12.394  1.00 32.60          NA
3t08: HETATM63523 NA    NA    11     -22.488  27.918 -44.845  1.00 59.72          NA
4ciw: HETATM15582 NA    NA    18      -9.178  -0.720 -14.715  1.00 29.67          NA
3vd4: HETATM63513 NA    NA     5     -21.133 -32.830 -45.435  1.00 36.30          NA
4zip: HETATM 1843 NA    NA     3      18.706   6.217  35.513  0.50 25.32          NA
6g36: HETATM 3246 NA    NA     2       2.200  14.156  17.419  1.00 23.51          NA
4ciw: HETATM15574 NA    NA    10     -20.199  -7.957  37.677  1.00 45.18          NA
4ciw: HETATM15566 NA    NA     2      -4.355   9.898  35.810  1.00 45.39          NA
4eoh: HETATM 9657 NA    NA     1      27.684   0.707  47.171  1.00 79.09          NA
3vh9: HETATM 4285 NA    NA     5      -4.930 -25.417  -0.403  1.00 11.82          NA
5d26: HETATM 1288 NA    NA     1     -10.312  67.193  22.897  1.00 17.37          NA
4ciw: HETATM15591 NA    NA    27      -0.720  14.715   9.178  1.00 29.67          NA
3zso: HETATM 4662 NA    NA     2      -9.926  50.488  -7.107  1.00 45.45          NA
3si3: HETATM 4468 NA    NA     2       5.837 -12.484  30.294  1.00 15.53          NA
5ehw: HETATM 2497 NA    NA     2      10.633  22.511  20.245  0.60 31.63          NA
4ciw: HETATM15572 NA    NA     8      35.810   4.355  -9.898  1.00 45.39          NA
3vh9: HETATM 4283 NA    NA     3       2.402 -34.890  -9.500  1.00 16.33          NA
6eqw: HETATM 4425 NA    NA     7      31.599 -54.729  25.899  0.50 36.70          NA
4ciw: HETATM15580 NA    NA    16     -20.199   7.957 -37.677  1.00 45.18          NA
5ltn: HETATM 3685 NA    NA     3     -42.627 -47.178  -2.546  1.00 89.30          NA
3t2q: HETATM63529 NA    NA     9     -20.002   1.596 -16.819  1.00 34.89          NA
4d1j: HETATM 5047 NA    NA     3      73.540  57.686   5.823  1.00 36.11          NA
3vd9: HETATM63536 NA    NA    20      45.139   1.486   6.666  1.00 35.16          NA
3t09: HETATM63526 NA    NA    14      77.129 -19.075  82.239  1.00 25.87          NA
3vd9: HETATM63541 NA    NA    25      20.511 -32.630  41.033  1.00 32.32          NA
4fxq: HETATM 7247 NA    NA     1     -55.647 -89.246   3.537  1.00 69.73          NA
3w5n: HETATM15482 NA    NA     3      16.480  38.583  28.048  1.00 26.08          NA
3p8n: HETATM 2664 NA    NA     1      64.097  50.690   7.452  1.00 36.80          NA
3shc: HETATM 4438 NA    NA     2       5.750 -13.256  30.400  1.00 25.10          NA
4ciw: HETATM15565 NA    NA     1      20.199   7.957  37.677  1.00 45.18          NA
3t0b: HETATM63516 NA    NA     4      -0.624  -6.340 -27.013  1.00 14.58          NA
5x62: HETATM 7114 NA    NA     1      -7.679  -4.065 186.545  1.00 39.26          NA
4zip: HETATM 1841 NA    NA     1      24.036  40.082   1.295  1.00 16.49          NA
3t09: HETATM63533 NA    NA    21     100.041  44.699  24.127  1.00 37.09          NA
4ciw: HETATM15600 NA    NA    36     -14.715   9.178   0.720  1.00 29.67          NA
3t09: HETATM63520 NA    NA     8      55.459  22.203  54.584  1.00 32.21          NA
3t0b: HETATM63527 NA    NA    15      19.982   1.575  11.985  1.00 15.93          NA
4iie: HETATM24956 NA    NA     2      10.231  -1.397  -4.809  1.00 32.87          NA
5g46: HETATM 2439 NA    NA     1     -32.221  -2.657 -22.074  1.00 34.99          NA
3uz5: HETATM 3902 NA    NA     1      18.889   0.545  26.298  1.00  4.38          NA
4ciw: HETATM15590 NA    NA    26       9.898  35.810  -4.355  1.00 45.39          NA
5dgu: HETATM 1842 NA    NA     2       7.327   8.226  35.091  0.50 25.12          NA
3vd4: HETATM63531 NA    NA    23      20.432 -32.745  41.104  1.00 30.22          NA
3t0d: HETATM63546 NA    NA    18      23.885  28.312  38.977  1.00 26.61          NA
4e7r: HETATM 4392 NA    NA     2      13.493  -5.770  30.287  1.00 29.43          NA
6dil: HETATM 1839 NA    NA     1       5.136   3.187  47.474  1.00 23.37          NA
4cd5: HETATM 3552 NA    NA     2     -27.123 -34.978  -2.781  1.00 11.09          NA
6d9x: HETATM 2891 NA    NA     1     -14.411  17.177  -0.948  1.00 42.27          NA
1b57: HETATM10323 NA    NA     9       0.132  70.235 131.555  1.00 21.40          NA
5meh: HETATM 4238 NA    NA     3      17.046  13.476  54.736  1.00  5.58          NA
3vdb: HETATM63520 NA    NA     4      -0.675  -6.416 -27.060  1.00 19.20          NA
6dj5: HETATM 1840 NA    NA     2       7.363   7.999  35.778  0.50 48.22          NA
3vd9: HETATM63535 NA    NA    19      23.754  28.124  39.020  1.00 33.47          NA
4ciw: HETATM15597 NA    NA    33      -0.720 -14.715  -9.178  1.00 29.67          NA
4ciw: HETATM15588 NA    NA    24       9.178   0.720 -14.715  1.00 29.67          NA
4ciw: HETATM15592 NA    NA    28     -37.677 -20.199   7.957  1.00 45.18          NA
6b4n: HETATM 1842 NA    NA     2      18.733   6.380  35.204  0.50 26.23          NA
4loy: HETATM 2762 NA    NA     1      22.579 -13.583   5.519  1.00 24.60          NA
3sha: HETATM 4474 NA    NA     2      -5.753 -12.406 -30.358  1.00 16.24          NA
5org: HETATM 4587 NA    NA     6     -17.708 -30.861  39.721  1.00 77.90          NA
3t0b: HETATM63522 NA    NA    10     -23.473  27.880 -44.352  1.00 28.13          NA
3vd9: HETATM63539 NA    NA    23      10.718 -31.175  26.234  1.00 26.11          NA
6exi: HETATM 8813 NA    NA     1     -17.067  70.458  29.239  1.00 20.62          NA
5jg1: HETATM 1842 NA    NA     2       7.308   8.271  35.107  1.00 25.39          NA
4bak: HETATM 4470 NA    NA     2       5.796 -12.966  30.328  1.00 22.82          NA
3vdb: HETATM63521 NA    NA     5     -20.953 -32.679 -45.681  1.00 25.57          NA
6epz: HETATM 6440 NA    NA     5     132.432  24.028  67.806  1.00 34.74          NA
1i2s: HETATM 8010 NA    NA     2      12.356  29.009  60.996  1.00 71.22          NA
5boj: HETATM 4313 NA    NA     1      22.675  17.588   4.290  1.00 45.69          NA
4d1j: HETATM 5046 NA    NA     2      70.560  56.455   5.230  1.00 35.53          NA
4ciw: HETATM15589 NA    NA    25       7.957  37.677  20.199  1.00 45.18          NA
4in9: HETATM 2506 NA    NA     4     105.905 127.076 -10.055  1.00 18.18          NA
4kwf: HETATM18492 NA    NA     4      -3.240  23.882  12.046  1.00 64.00          NA
4ciw: HETATM15578 NA    NA    14      35.810  -4.355   9.898  1.00 45.39          NA
3t2q: HETATM63523 NA    NA     3     -11.815 -31.215 -30.778  1.00 83.38          NA
3t09: HETATM63536 NA    NA    24      89.963   9.541 -10.772  1.00 15.24          NA
4cd4: HETATM 3553 NA    NA     2      16.217  32.931  -7.031  1.00  9.28          NA
4ciw: HETATM15573 NA    NA     9      14.715  -9.178   0.720  1.00 29.67          NA
6f92: HETATM14772 NA    NA     3      22.172 202.080   7.655  1.00 16.48          NA
4ciw: HETATM15576 NA    NA    12      -9.178   0.720  14.715  1.00 29.67          NA
4ciw: HETATM15575 NA    NA    11       4.355  -9.898  35.810  1.00 45.39          NA
3rv4: HETATM13749 NA    NA     7       9.563 -26.189  10.135  1.00 16.27          NA
3p8o: HETATM 2664 NA    NA     1      64.316  50.937   7.448  1.00 46.69          NA
4ciw: HETATM15593 NA    NA    29     -35.810   4.355   9.898  1.00 45.39          NA
3vd9: HETATM63520 NA    NA     4      -0.761  -6.344 -27.003  1.00 18.20          NA
4d1j: HETATM 5045 NA    NA     1      57.136  41.934  14.024  1.00 29.81          NA
3vd4: HETATM63512 NA    NA     4      -0.733  -6.363 -27.050  1.00 17.84          NA
3si4: HETATM 4473 NA    NA     1      18.542 -15.259  38.036  1.00 12.84          NA
5vgy: HETATM 2492 NA    NA     2     -19.020   2.307 100.063  1.00 28.30          NA
4fev: HETATM 4162 NA    NA     1     -17.475 -15.970 -27.493  0.82 30.35          NA
6eqx: HETATM 4423 NA    NA     5      30.742 -20.667  11.262  1.00 26.56          NA
5uln: HETATM 2503 NA    NA     2     -20.280 -11.002  87.045  1.00 33.20          NA
3tif: HETATM 7469 NA    NA     2      31.512  26.918 -15.512  0.69 29.66          NA
4us3: HETATM 3930 NA    NA     2      43.638  25.671 136.667  1.00 13.65          NA
3vd9: HETATM63526 NA    NA    10     -16.702  26.380 -28.148  1.00 18.11          NA
3t0d: HETATM63551 NA    NA    23       0.612  -5.953  22.273  1.00 16.75          NA
6epz: HETATM 6438 NA    NA     3     143.184  15.634  47.711  1.00 55.08          NA
3rv4: HETATM13746 NA    NA     4     -13.574 -31.655   9.922  1.00 12.96          NA
5ld8: HETATM 7292 NA    NA     2      -7.062  13.291  17.601  1.00 25.81          NA
4pb2: HETATM10532 NA    NA     2      53.888 -57.541  -9.379  1.00 47.23          NA
4iic: HETATM24945 NA    NA     1      64.505  -8.362   7.791  1.00 26.40          NA
3t09: HETATM63532 NA    NA    20     140.516  21.170  22.548  1.00 31.19          NA
5org: HETATM 4583 NA    NA     2     -35.374 -24.365  22.198  1.00 43.67          NA
5vyy: HETATM 1988 NA    NA     2       0.000 -27.700 -21.316  0.50 36.01          NA
4ciw: HETATM15586 NA    NA    22      20.199  -7.957 -37.677  1.00 45.18          NA
3tay: HETATM 2554 NA    NA     1     -26.666  41.740  32.292  1.00 12.84          NA
6epa: HETATM 1867 NA    NA     4     -21.204  -9.624   5.874  1.00 53.13          NA
3vh9: HETATM 4288 NA    NA     8      -1.192 -26.432  21.591  1.00 25.54          NA
4d1j: HETATM 5048 NA    NA     4      46.068  46.686  29.413  1.00 44.11          NA
3vd4: HETATM63520 NA    NA    12     -45.077   2.347 -11.751  1.00 38.00          NA
3t0b: HETATM63523 NA    NA    11     -45.134   2.123 -11.460  1.00 36.43          NA
3t08: HETATM63517 NA    NA     5     -21.060 -32.636 -45.609  1.00 46.69          NA
5ihh: HETATM 4299 NA    NA     1      -1.101  -4.323 -17.539  1.00 56.28          NA
4del: HETATM20499 NA    NA     7      -8.092  38.411 -16.028  1.00 15.63          NA
3vd4: HETATM63519 NA    NA    11     -23.123  27.823 -44.578  1.00 37.84          NA
3t09: HETATM63530 NA    NA    18     127.277  15.736  32.608  1.00 17.61          NA
5n84: HETATM 2555 NA    NA     3      40.079  31.660  39.241  1.00 72.80          NA
3t0d: HETATM63538 NA    NA    10     -16.581  26.232 -28.334  1.00 13.57          NA
4ciw: HETATM15581 NA    NA    17       4.355   9.898 -35.810  1.00 45.39          NA
6g39: HETATM 3193 NA    NA     1      76.470  25.070  17.295  1.00 25.40          NA
3vd9: HETATM63521 NA    NA     5     -21.300 -32.897 -45.304  1.00 39.99          NA
3vh9: HETATM 4290 NA    NA    10       4.689 -39.408  25.036  1.00 41.60          NA
4kwf: HETATM18489 NA    NA     1       2.856 -40.884  62.856  1.00 91.14          NA
3t08: HETATM63522 NA    NA    10     -19.838   1.661 -17.147  1.00 31.08          NA
3t0d: HETATM63531 NA    NA     3     -11.787 -31.050 -30.570  1.00 18.22          NA
4dfg: HETATM 3129 NA    NA     1      24.273  39.836   1.327  1.00 19.34          NA
4hfp: HETATM 4614 NA    NA     1       8.726   1.466   3.307  1.00 26.39          NA
5ult: HETATM 1841 NA    NA     1      24.532  40.202   1.137  1.00 34.21          NA
3pwk: HETATM10934 NA    NA     2       3.036  55.617  27.188  1.00 21.27          NA
4ciw: HETATM15567 NA    NA     3       9.178  -0.720  14.715  1.00 29.67          NA
4few: HETATM 4211 NA    NA     1     -17.486 -16.743 -26.501  0.92 32.42          NA
3vh9: HETATM 4287 NA    NA     7      14.203 -13.748   9.819  1.00 18.88          NA
6dj2: HETATM 1839 NA    NA     1       4.723   3.285  47.747  1.00 42.93          NA
6epz: HETATM 6442 NA    NA     7     136.540  41.198  53.041  1.00 63.43          NA
4ciw: HETATM15584 NA    NA    20      -9.898 -35.810  -4.355  1.00 45.39          NA
4kwg: HETATM18492 NA    NA     4      -3.823  24.345  12.310  1.00 40.54          NA
5ekm: HETATM 2415 NA    NA     2     -14.062 -22.257  76.185  1.00 12.70          NA
5ulp: HETATM 2437 NA    NA     1     -13.552   0.891  22.634  1.00 32.62          NA
5dnu: HETATM 2513 NA    NA     3       7.445 -22.689  19.143  1.00 33.55          NA
3t0d: HETATM63540 NA    NA    12     -23.321  27.931 -44.451  1.00 30.58          NA
3s45: HETATM 3067 NA    NA     1      -6.977   5.761  24.848  1.00 38.94          NA
3t08: HETATM63534 NA    NA    22      20.571 -33.051  40.956  1.00 59.58          NA
5ne5: HETATM 4176 NA    NA     3      16.944  13.465  54.483  1.00  9.65          NA
3t09: HETATM63527 NA    NA    15      82.135 -43.311  42.214  1.00 36.53          NA
4zls: HETATM 1841 NA    NA     1      24.345  40.082   1.336  1.00 23.61          NA
3t08: HETATM63516 NA    NA     4      -0.638  -6.355 -27.032  1.00 31.19          NA
6b4n: HETATM 1841 NA    NA     1      23.938  40.118   1.418  1.00 17.65          NA
3vdb: HETATM63519 NA    NA     3     -11.651 -31.115 -30.762  1.00 17.60          NA
3si4: HETATM 4474 NA    NA     2       5.928 -12.851  30.239  1.00 15.39          NA
5zo8: HETATM 3222 NA    NA     2      35.562  12.288  41.416  1.00 52.61          NA
5mxf: HETATM 6531 NA    NA     7      -8.890  33.791  32.098  1.00 35.23          NA
6eqv: HETATM 4424 NA    NA     6      26.859 -46.522  25.940  0.50 32.41          NA
6c7x: HETATM 2503 NA    NA     2     -23.501 -10.830  17.264  1.00 35.35          NA
3vdb: HETATM63527 NA    NA    11     -22.750  27.870 -44.771  1.00 31.95          NA
3t0d: HETATM63532 NA    NA     4      -0.806  -6.335 -26.988  1.00 14.19          NA
4pb2: HETATM10533 NA    NA     3      82.774 -28.287  -9.379  1.00 47.23          NA
4hdb: HETATM 3137 NA    NA     1      24.225  39.958   1.283  1.00 23.15          NA
5dnu: HETATM 2511 NA    NA     1      14.945 -40.076 -10.713  1.00 33.64          NA
6e7j: HETATM 1842 NA    NA     2       7.956   7.972  34.989  1.00 26.27          NA
3rv4: HETATM13750 NA    NA     8      13.574 -31.655  -9.922  1.00 12.96          NA
3t09: HETATM63517 NA    NA     5      47.459  -9.039  29.306  1.00 12.79          NA
3vd4: HETATM63523 NA    NA    15      17.261  26.502  22.763  1.00 16.11          NA
4lov: HETATM 1452 NA    NA     1      13.968  -5.284 -31.350  1.00 17.27          NA
4iic: HETATM24946 NA    NA     2      10.345  -1.464  -4.789  1.00 29.68          NA
4aci: HETATM 5586 NA    NA     2      -7.744 -22.183  34.526  1.00 19.43          NA
3p17: HETATM 4457 NA    NA     2       5.719 -12.480  30.324  1.00 17.48          NA
6cdj: HETATM 1841 NA    NA     1      24.484  39.759   1.323  1.00 21.61          NA
4ciw: HETATM15583 NA    NA    19      -7.957 -37.677  20.199  1.00 45.18          NA
3t09: HETATM63519 NA    NA     7      35.027 -16.917  38.943  1.00 27.42          NA
3qfd: HETATM 5967 NA    NA     1      14.016  18.715  17.278  1.00 30.12          NA
3t08: HETATM63528 NA    NA    16      23.672  27.927  39.420  1.00 48.87          NA
4ciw: HETATM15571 NA    NA     7      37.677 -20.199  -7.957  1.00 45.18          NA
6eqw: HETATM 4422 NA    NA     4      36.964 -36.633   4.902  1.00 16.22          NA
5bry: HETATM 1841 NA    NA     1      24.390  40.066   1.170  1.00 24.14          NA
3vd9: HETATM63534 NA    NA    18      19.788   1.371  12.110  1.00 20.71          NA
3vd4: HETATM63524 NA    NA    16      19.781   1.402  12.271  1.00 18.31          NA
6eqv: HETATM 4425 NA    NA     7      31.613 -54.756  25.939  0.50 27.04          NA
3rv4: HETATM13745 NA    NA     3      -9.563 -26.189 -10.135  1.00 16.27          NA
3vf7: HETATM 3123 NA    NA     1      10.225  36.679  35.173  1.00 34.96          NA
4hdp: HETATM 3128 NA    NA     2     -21.781  34.841 -35.287  0.50 29.36          NA
3t2q: HETATM63534 NA    NA    14      19.810   1.283  12.314  1.00 32.93          NA
3s54: HETATM 3135 NA    NA     1      24.198  39.868   1.376  1.00 25.00          NA
4r3w: HETATM 6499 NA    NA     1      17.726  -5.516  19.057  1.00 33.64          NA
3vdb: HETATM63533 NA    NA    17      23.878  27.752  39.340  1.00 29.12          NA
6d56: HETATM 8000 NA    NA     2       9.005   4.599  39.810  1.00 34.55          NA
3vdb: HETATM63537 NA    NA    21       0.441  -6.238  22.316  1.00 20.91          NA
4muv: HETATM 1287 NA    NA     1       7.809  16.060  77.601  1.00 18.96          NA
3vd4: HETATM63518 NA    NA    10     -19.890   1.610 -17.073  1.00 20.02          NA
3vh9: HETATM 4286 NA    NA     6      14.270 -17.197 -15.781  1.00 24.74          NA
3t0b: HETATM63532 NA    NA    20      10.848 -30.861  26.232  1.00 22.65          NA
5egm: HETATM 2744 NA    NA     1       4.580 -19.739 -13.393  1.00 29.90          NA
3w5n: HETATM15481 NA    NA     2      19.100 -38.492  -7.813  1.00 29.45          NA
6d5e: HETATM 8000 NA    NA     2       9.001   4.652  40.022  1.00 37.44          NA
4loy: HETATM 2763 NA    NA     2      15.221  12.775  -2.538  1.00 49.36          NA
5ihh: HETATM 4300 NA    NA     2      43.987  -4.323  17.539  1.00 56.28          NA
3t0d: HETATM63550 NA    NA    22      11.196 -30.852  26.201  1.00 18.38          NA
3t08: HETATM63529 NA    NA    17      44.481   0.678   7.041  1.00 48.80          NA
4twp: HETATM 2619 NA    NA     4      77.113  16.285  44.933  1.00 59.65          NA
3qwc: HETATM 4479 NA    NA     2       5.712 -12.629  30.493  1.00 21.95          NA
3t0d: HETATM63533 NA    NA     5     -21.303 -32.872 -45.254  1.00 39.89          NA
4zae: HETATM 2740 NA    NA     1       4.773 -19.642 -13.313  1.00 25.86          NA
4twp: HETATM 2618 NA    NA     3      74.222  26.553  40.549  1.00 58.73          NA
3t09: HETATM63538 NA    NA    26     100.001  17.547 -22.659  1.00 33.47          NA
6epz: HETATM 6441 NA    NA     6     133.441  22.624  49.225  1.00 33.15          NA
3vdb: HETATM63525 NA    NA     9     -16.227  26.311 -28.414  1.00 20.02          NA
3t09: HETATM63539 NA    NA    27     115.207 -20.848  -0.144  1.00 41.74          NA
6e9a: HETATM 1842 NA    NA     2       7.530   8.166  34.979  0.50 19.81          NA
5ld8: HETATM 7291 NA    NA     1      -8.567  30.816 -16.848  1.00 33.92          NA
5mxf: HETATM 6525 NA    NA     1      -9.786  37.564   8.587  1.00 24.59          NA
5jg1: HETATM 1841 NA    NA     1      24.138  40.086   1.145  1.00 16.86          NA
3wtn: HETATM 4069 NA    NA    23      46.526  24.057   1.805  0.97 28.22          NA
3vd9: HETATM63530 NA    NA    14     -10.411  34.086 -36.921  0.50 27.43          NA
4ax9: HETATM 4485 NA    NA     2       5.856 -13.181  30.389  1.00 22.54          NA
4ciw: HETATM15570 NA    NA     6       0.720  14.715  -9.178  1.00 29.67          NA
5bry: HETATM 1842 NA    NA     2       7.351   8.130  34.886  0.50 23.34          NA
6c7w: HETATM 2503 NA    NA     2     -23.465 -10.795  17.174  1.00 36.79          NA
3t2q: HETATM63538 NA    NA    18      10.938 -31.037  26.488  1.00 83.00          NA
5l4i: HETATM 4314 NA    NA     2     -22.622 -17.606   4.415  1.00 54.09          NA
4lov: HETATM 1454 NA    NA     3      18.628 -10.759 -38.369  1.00 31.54          NA
5dgu: HETATM 1841 NA    NA     1      24.351  40.011   1.267  1.00 21.28          NA
3t0d: HETATM63544 NA    NA    16      17.008  26.361  22.915  1.00 10.93          NA
5en3: HETATM 4300 NA    NA     2      22.160 -17.706  27.502  1.00 85.16          NA
3utu: HETATM 4367 NA    NA     2      18.415 -15.484  38.094  1.00 13.05          NA
4z0k: HETATM 2744 NA    NA     1       5.204 -19.137 -13.020  1.00 18.26          NA
6g35: HETATM 3278 NA    NA     1      76.118  25.276  17.236  1.00 26.65          NA
6f92: HETATM14770 NA    NA     1      11.459 152.576  29.008  1.00 19.91          NA
4kwf: HETATM18491 NA    NA     3      42.120  12.668  52.701  1.00 88.05          NA
5uov: HETATM 1841 NA    NA     1      24.039  40.106   1.273  1.00 22.21          NA
3vfb: HETATM 3125 NA    NA     1       5.075   3.278   1.718  1.00 24.57          NA
5org: HETATM 4590 NA    NA     9      -9.458 -18.637  -5.779  1.00 41.18          NA
4ciw: HETATM15598 NA    NA    34     -37.677  20.199  -7.957  1.00 45.18          NA
6eqv: HETATM 4423 NA    NA     5      30.778 -20.683  11.311  1.00 24.53          NA
4ciw: HETATM15594 NA    NA    30     -14.715  -9.178  -0.720  1.00 29.67          NA
4lov: HETATM 1453 NA    NA     2      11.985   1.288 -32.466  1.00 17.27          NA
3t0d: HETATM63541 NA    NA    13     -45.149   2.215 -11.545  1.00 43.00          NA
5mxf: HETATM 6528 NA    NA     4     -20.025  25.154  12.398  1.00 22.72          NA
4bao: HETATM 4469 NA    NA     1      18.640 -15.421  37.910  1.00 24.20          NA
3t0b: HETATM63517 NA    NA     5     -21.240 -33.043 -45.226  1.00 31.88          NA
3vh9: HETATM 4284 NA    NA     4      35.525 -46.685  -0.252  1.00 12.53          NA
3vd9: HETATM63528 NA    NA    12     -23.201  27.652 -44.434  1.00 29.65          NA
3t0b: HETATM63515 NA    NA     3     -11.512 -31.210 -30.583  1.00 16.95          NA
5i8g: HETATM 2283 NA    NA     4      36.544   9.942   2.504  1.00 31.87          NA
3t0b: HETATM63533 NA    NA    21       0.575  -5.814  22.256  1.00 16.43          NA
3vf5: HETATM 3123 NA    NA     1      -4.781  -3.101   1.261  1.00 20.30          NA
4r3w: HETATM 6500 NA    NA     2      16.008   3.885 -28.377  1.00 28.43          NA
3t2q: HETATM63528 NA    NA     8     -16.456  26.155 -28.381  1.00 64.17          NA
5bs4: HETATM 1841 NA    NA     1      24.413  39.861   1.336  1.00 27.01          NA
4bam: HETATM 4470 NA    NA     2       5.763 -12.928  30.200  1.00 25.06          NA
5vgy: HETATM 2493 NA    NA     3       1.642   9.073 100.427  1.00 44.66          NA
4ly1: HETATM 5828 NA    NA     3      17.035 -37.003  -9.896  1.00 13.40          NA
3qtv: HETATM 4474 NA    NA     2       5.650 -12.879  30.387  1.00 16.58          NA
3utu: HETATM 4366 NA    NA     1       5.747 -13.176  30.385  1.00 19.34          NA
5l4j: HETATM 4300 NA    NA     2     -66.235 -17.851  69.405  1.00 81.61          NA
4ciw: HETATM15599 NA    NA    35     -35.810  -4.355  -9.898  1.00 45.39          NA
5mxf: HETATM 6527 NA    NA     3     -24.819  24.595   5.646  1.00 35.23          NA
5vb6: HETATM 2522 NA    NA     1       3.107  32.452  22.045  1.00 30.41          NA
5uln: HETATM 2504 NA    NA     3     -19.387   1.902 100.112  1.00 25.14          NA
4q7w: HETATM 2486 NA    NA     2       9.407  12.575   6.943  1.00  4.73          NA
5mxf: HETATM 6526 NA    NA     2      -6.584  35.746   2.223  1.00 33.11          NA
3zso: HETATM 4661 NA    NA     1     -38.875  33.782  -6.028  1.00 48.22          NA
5wlo: HETATM 1841 NA    NA     1      24.377  -3.172 -21.474  1.00 21.51          NA
4r3w: HETATM 6501 NA    NA     3      32.948   9.504  -9.881  1.00 47.45          NA
4gki: HETATM 4299 NA    NA     2      46.712  35.158  27.703  0.77 24.27          NA
4x8o: HETATM 2032 NA    NA     2       2.726  24.389 -42.950  1.00 16.66          NA
4baq: HETATM 4469 NA    NA     1      18.683 -15.399  37.870  1.00 26.62          NA
6eqw: HETATM 4423 NA    NA     5      30.788 -20.703  11.276  1.00 27.18          NA
3t0b: HETATM63526 NA    NA    14      17.298  26.757  22.579  1.00 13.13          NA
4del: HETATM20502 NA    NA    10       8.092  81.194 -16.028  1.00 15.63          NA
3t0b: HETATM63528 NA    NA    16      24.087  28.607  38.972  1.00 26.60          NA
3t0b: HETATM63534 NA    NA    22      20.667 -32.616  40.927  1.00 29.42          NA
4kb9: HETATM 3133 NA    NA     1       4.902   3.203   1.276  1.00 22.00          NA
4en4: HETATM 9786 NA    NA     2      25.325   0.252  48.856  1.00 38.16          NA
3t2q: HETATM63525 NA    NA     5     -21.671 -33.337 -45.141  1.00 68.45          NA
4ax9: HETATM 4484 NA    NA     1      18.847 -15.690  38.126  1.00 19.17          NA
6dj1: HETATM 1841 NA    NA     1       4.720   3.241  47.601  1.00 24.44          NA
5org: HETATM 4588 NA    NA     7      -9.000 -13.734   9.945  1.00 84.30          NA
3t0d: HETATM63534 NA    NA     6      18.203  -6.992 -44.621  1.00 37.38          NA
4us3: HETATM 3929 NA    NA     1      41.648  21.457 130.867  1.00 16.15          NA
3vfa: HETATM 3117 NA    NA     1      24.166  40.137   1.212  1.00 25.50          NA
3pwk: HETATM10933 NA    NA     1       8.941  43.564  60.856  1.00 10.78          NA
4zip: HETATM 1842 NA    NA     2       7.338   8.196  35.250  0.50 15.92          NA
4bam: HETATM 4469 NA    NA     1      18.445 -15.409  38.027  1.00 16.13          NA
5lsh: HETATM 1299 NA    NA     1      21.818  10.189  31.406  1.00 17.30          NA
3vdb: HETATM63526 NA    NA    10     -19.734   1.661 -17.216  1.00 19.59          NA
3t09: HETATM63537 NA    NA    25     103.572  -0.614  10.797  1.00 16.99          NA
5fs5: HETATM 1449 NA    NA     1     -19.744  24.137   1.821  1.00 10.87          NA
5l4i: HETATM 4313 NA    NA     1      22.622  17.606   4.415  1.00 54.09          NA
5w44: HETATM 1763 NA    NA     3      -7.420  78.606  19.466  1.00 62.65          NA
3vdb: HETATM63532 NA    NA    16      19.672   1.170  12.455  1.00 19.27          NA
5mxf: HETATM 6530 NA    NA     6     -27.665  23.575  35.521  1.00 33.11          NA
4ciw: HETATM15587 NA    NA    23      -4.355  -9.898 -35.810  1.00 45.39          NA
2yme: HETATM16083 NA    NA     1      12.530  26.876  25.343  1.00 83.70          NA
4bf1: HETATM 2478 NA    NA     2     -17.677  19.261   6.285  0.50  7.69          NA
3sv2: HETATM 4473 NA    NA     1      18.436 -15.240  37.907  1.00 15.69          NA
2yfa: HETATM 7331 NA    NA     2     -22.011   0.868  19.418  1.00 47.33          NA
5l4m: HETATM 4300 NA    NA     2     -43.718 -17.801 -27.360  1.00 48.55          NA
5org: HETATM 4582 NA    NA     1     -12.189 -26.030  14.966  1.00 37.52          NA
4ciw: HETATM15568 NA    NA     4      -7.957  37.677 -20.199  1.00 45.18          NA
6epz: HETATM 6437 NA    NA     2     140.954  -7.229  69.441  1.00 27.42          NA
4ciw: HETATM15577 NA    NA    13      37.677  20.199   7.957  1.00 45.18          NA
5upz: HETATM 1841 NA    NA     1      24.095  40.116   1.363  1.00 19.62          NA
3t08: HETATM63526 NA    NA    14      17.089  26.167  22.956  1.00 29.02          NA
4yzu: HETATM 2772 NA    NA     1       5.136 -18.967 -12.932  1.00 20.39          NA
3vd4: HETATM63530 NA    NA    22       0.560  -6.015  22.362  1.00 18.44          NA
5upz: HETATM 1842 NA    NA     2       7.568   8.241  34.984  0.50 20.19          NA
4bak: HETATM 4469 NA    NA     1      18.470 -15.406  38.104  1.00 15.41          NA
4ciw: HETATM15579 NA    NA    15      14.715   9.178  -0.720  1.00 29.67          NA
4zb6: HETATM 4349 NA    NA     1      26.789   3.834   5.223  1.00  9.72          NA
3t2q: HETATM63530 NA    NA    10     -45.114   2.509 -11.611  1.00 53.47          NA
3vdb: HETATM63539 NA    NA    23     -18.387  -5.993  39.489  1.00 33.11          NA
3sv2: HETATM 4474 NA    NA     2       5.685 -12.711  30.262  1.00 18.88          NA
